100
3725 832955 1
1396 974496 5
121 132 1
8135 346033 4
938 717057 3
8429 327368 2
9352 507517 9
3901 458931 4
9705 834597 8
4827 379304 8
9286 976503 2
352 116029 3
646 753992 3
2590 45700 5
6916 519450 6
6366 921028 2
1033 109791 2
4017 755925 4
6153 882984 8
2871 611476 1
8764 690922 4
1108 708286 6
8324 696474 7
8145 485026 9
7597 115191 5
3748 207521 4
8989 909410 5
0 132 1
3263 62970 1
6760 325542 7
4945 279540 7
121 131 1
3976 759716 7
7998 968182 1
5579 763362 2
378 659223 5
490 499674 1
1813 539974 3
5649 246089 1
9628 221919 9
258 978067 6
332 539995 7
999 99999 78788
3376 156586 6
4401 792858 5
3491 376189 1
2965 769993 4
873 84000 1
0 100 2
4766 385349 3
8129 512819 4
2791 674701 5
9929 160753 4
1363 123520 8
2675 641763 3
886 56750 8
1000000000 1000000000000000000 1
100000 1000000000000000000 3
5272 393026 2
6673 645665 9
21345 4441283 13
9523 81976 5
2519 171840 3
5303 577653 4
10 22322 2
34432 9999920 222
9481 668314 4
7800 282033 2
8892 186601 5
22322 22322 1
0 1000000000000000000 1000000000
1002 914907 8
7558 716225 8
7243 39232 6
121 121 11
4131 988357 1
2851 217912 4
2739 884729 5
1616 875376 6
3127 909969 3
5230 55195 9
5630 555906 6
39 1000000 3
1516 476245 5
5759 165757 6
1209 371972 7
6311 744038 5
2684 313879 3
2789 205886 5
9324 755359 1
852 514597 2
2433 588437 7
9332 549970 6
9325 343906 8
2035 587687 6
0 1000000000000000000 1
9412 458712 2
701 837097 8
2228 961000 6
7977 626769 9
